30	X81660	AJ234040	AE016877	X53497.1	AJ867050	X68179	Y11332	AB012212	X80725	T01330	AF519171	X56153	T55233	AB042288	gi|52426724|gb|AY735392.1|	HE978271	X53853	L36472	D83363	AB023574	AY188348	AF003930	AJ575816	JQ344321	D84020	AB004730	AJ295841	AF010474	Y10076	FN295567
X81660	     0	0.2867	0.2541	0.5680	0.2967	0.2711	0.2832	0.2636	0.1920	0.2895	0.2914	0.2713	0.4113	0.2763	0.1750	0.1577	0.2743	0.2856	0.2524	0.2571	0.2795	0.2582	0.1291	0.1579	0.1656	0.2774	0.2574	0.2612	0.2653	0.2789
AJ234040	0.2867	     0	0.2752	0.5698	0.3338	0.2934	0.3109	0.2859	0.2842	0.3266	0.3094	0.2606	0.3834	0.1853	0.2988	0.3118	0.3286	0.3049	0.2574	0.2764	0.2963	0.2806	0.2808	0.3228	0.3158	0.2003	0.1774	0.1902	0.1632	0.1935
AE016877	0.2541	0.2752	     0	0.5548	0.2936	0.2010	0.2748	0.1046	0.2550	0.2735	0.1603	0.1134	0.4170	0.2322	0.2474	0.2392	0.2699	0.1021	0.0977	0.1625	0.1660	0.1509	0.2368	0.2301	0.2367	0.2515	0.2477	0.2511	0.2662	0.2712
X53497.1	0.5680	0.5698	0.5548	     0	0.5667	0.5354	0.5562	0.5470	0.5654	0.5579	0.5378	0.5628	0.5342	0.5316	0.5701	0.5293	0.5484	0.5417	0.5764	0.5446	0.5322	0.5472	0.5649	0.5344	0.5327	0.5305	0.5386	0.5377	0.5696	0.5390
AJ867050	0.2967	0.3338	0.2936	0.5667	     0	0.2958	0.3204	0.3078	0.3236	0.3165	0.3238	0.3151	0.4492	0.3062	0.3036	0.3093	0.3381	0.3216	0.3125	0.3198	0.3209	0.3040	0.3058	0.3099	0.3089	0.3101	0.3188	0.3084	0.3239	0.3231
X68179	0.2711	0.2934	0.2010	0.5354	0.2958	     0	0.2704	0.2152	0.2953	0.2200	0.2101	0.2378	0.4457	0.2454	0.2788	0.2348	0.2282	0.2000	0.2416	0.2179	0.2150	0.2119	0.2724	0.2263	0.2283	0.2359	0.2469	0.2490	0.2846	0.2492
Y11332	0.2832	0.3109	0.2748	0.5562	0.3204	0.2704	     0	0.2795	0.3070	0.2937	0.2887	0.2939	0.4334	0.2930	0.2825	0.2693	0.2751	0.2637	0.2733	0.2658	0.2780	0.2736	0.2751	0.2704	0.2698	0.2675	0.2535	0.2532	0.2900	0.2636
AB012212	0.2636	0.2859	0.1046	0.5470	0.3078	0.2152	0.2795	     0	0.2702	0.2912	0.1525	0.1269	0.4338	0.2417	0.2631	0.2518	0.2735	0.1398	0.1430	0.1333	0.1470	0.1310	0.2603	0.2426	0.2514	0.2523	0.2511	0.2542	0.2945	0.2758
X80725	0.1920	0.2842	0.2550	0.5654	0.3236	0.2953	0.3070	0.2702	     0	0.3016	0.2926	0.2418	0.4218	0.2814	0.2231	0.2007	0.2913	0.2772	0.2545	0.2868	0.2878	0.2620	0.1865	0.2018	0.2026	0.2883	0.2925	0.2882	0.2640	0.3003
T01330	0.2895	0.3266	0.2735	0.5579	0.3165	0.2200	0.2937	0.2912	0.3016	     0	0.2813	0.2917	0.4534	0.2872	0.2946	0.2521	0.2417	0.2566	0.2953	0.2952	0.2816	0.2842	0.2935	0.2429	0.2490	0.2693	0.2892	0.2783	0.3037	0.2748
AF519171	0.2914	0.3094	0.1603	0.5378	0.3238	0.2101	0.2887	0.1525	0.2926	0.2813	     0	0.1944	0.4519	0.2594	0.2916	0.2392	0.2587	0.1553	0.1957	0.1798	0.1614	0.1837	0.2811	0.2468	0.2484	0.2659	0.2662	0.2690	0.3091	0.2598
X56153	0.2713	0.2606	0.1134	0.5628	0.3151	0.2378	0.2939	0.1269	0.2418	0.2917	0.1944	     0	0.4073	0.2624	0.2730	0.2626	0.2899	0.1472	0.1299	0.1821	0.1956	0.1696	0.2513	0.2585	0.2671	0.2689	0.2718	0.2708	0.2570	0.2915
T55233	0.4113	0.3834	0.4170	0.5342	0.4492	0.4457	0.4334	0.4338	0.4218	0.4534	0.4519	0.4073	     0	0.4281	0.4427	0.4426	0.4295	0.4450	0.4098	0.4355	0.4546	0.4397	0.4200	0.4479	0.4467	0.4274	0.4268	0.4236	0.3916	0.4311
AB042288	0.2763	0.1853	0.2322	0.5316	0.3062	0.2454	0.2930	0.2417	0.2814	0.2872	0.2594	0.2624	0.4281	     0	0.2837	0.2757	0.2799	0.2617	0.2638	0.2495	0.2476	0.2397	0.2809	0.2723	0.2741	0.1466	0.1477	0.1540	0.1858	0.1639
gi|52426724|gb|AY735392.1|	0.1750	0.2988	0.2474	0.5701	0.3036	0.2788	0.2825	0.2631	0.2231	0.2946	0.2916	0.2730	0.4427	0.2837	     0	0.2042	0.2912	0.2779	0.2535	0.2614	0.2814	0.2599	0.1723	0.2074	0.2029	0.2864	0.2684	0.2762	0.2818	0.2887
HE978271	0.1577	0.3118	0.2392	0.5293	0.3093	0.2348	0.2693	0.2518	0.2007	0.2521	0.2392	0.2626	0.4426	0.2757	0.2042	     0	0.2198	0.2299	0.2612	0.2579	0.2418	0.2429	0.0831	0.0457	0.0491	0.2632	0.2627	0.2684	0.2993	0.2655
X53853	0.2743	0.3286	0.2699	0.5484	0.3381	0.2282	0.2751	0.2735	0.2913	0.2417	0.2587	0.2899	0.4295	0.2799	0.2912	0.2198	     0	0.2463	0.2887	0.2851	0.2574	0.2674	0.2678	0.2255	0.2289	0.2639	0.2729	0.2795	0.3070	0.2705
L36472	0.2856	0.3049	0.1021	0.5417	0.3216	0.2000	0.2637	0.1398	0.2772	0.2566	0.1553	0.1472	0.4450	0.2617	0.2779	0.2299	0.2463	     0	0.0656	0.1779	0.1642	0.1741	0.2704	0.2176	0.2343	0.2580	0.2633	0.2649	0.3022	0.2610
D83363	0.2524	0.2574	0.0977	0.5764	0.3125	0.2416	0.2733	0.1430	0.2545	0.2953	0.1957	0.1299	0.4098	0.2638	0.2535	0.2612	0.2887	0.0656	     0	0.1731	0.2006	0.1795	0.2281	0.2511	0.2677	0.2714	0.2548	0.2566	0.2582	0.2754
AB023574	0.2571	0.2764	0.1625	0.5446	0.3198	0.2179	0.2658	0.1333	0.2868	0.2952	0.1798	0.1821	0.4355	0.2495	0.2614	0.2579	0.2851	0.1779	0.1731	     0	0.1023	0.0718	0.2523	0.2524	0.2583	0.2539	0.2261	0.2325	0.2773	0.2409
AY188348	0.2795	0.2963	0.1660	0.5322	0.3209	0.2150	0.2780	0.1470	0.2878	0.2816	0.1614	0.1956	0.4546	0.2476	0.2814	0.2418	0.2574	0.1642	0.2006	0.1023	     0	0.0913	0.2679	0.2333	0.2367	0.2446	0.2452	0.2477	0.2925	0.2465
AF003930	0.2582	0.2806	0.1509	0.5472	0.3040	0.2119	0.2736	0.1310	0.2620	0.2842	0.1837	0.1696	0.4397	0.2397	0.2599	0.2429	0.2674	0.1741	0.1795	0.0718	0.0913	     0	0.2602	0.2434	0.2432	0.2513	0.2416	0.2406	0.2852	0.2581
AJ575816	0.1291	0.2808	0.2368	0.5649	0.3058	0.2724	0.2751	0.2603	0.1865	0.2935	0.2811	0.2513	0.4200	0.2809	0.1723	0.0831	0.2678	0.2704	0.2281	0.2523	0.2679	0.2602	     0	0.0855	0.0864	0.2769	0.2522	0.2700	0.2658	0.2822
JQ344321	0.1579	0.3228	0.2301	0.5344	0.3099	0.2263	0.2704	0.2426	0.2018	0.2429	0.2468	0.2585	0.4479	0.2723	0.2074	0.0457	0.2255	0.2176	0.2511	0.2524	0.2333	0.2434	0.0855	     0	0.0320	0.2597	0.2607	0.2723	0.3011	0.2630
D84020	0.1656	0.3158	0.2367	0.5327	0.3089	0.2283	0.2698	0.2514	0.2026	0.2490	0.2484	0.2671	0.4467	0.2741	0.2029	0.0491	0.2289	0.2343	0.2677	0.2583	0.2367	0.2432	0.0864	0.0320	     0	0.2573	0.2603	0.2731	0.3012	0.2659
AB004730	0.2774	0.2003	0.2515	0.5305	0.3101	0.2359	0.2675	0.2523	0.2883	0.2693	0.2659	0.2689	0.4274	0.1466	0.2864	0.2632	0.2639	0.2580	0.2714	0.2539	0.2446	0.2513	0.2769	0.2597	0.2573	     0	0.0861	0.0955	0.1289	0.0937
AJ295841	0.2574	0.1774	0.2477	0.5386	0.3188	0.2469	0.2535	0.2511	0.2925	0.2892	0.2662	0.2718	0.4268	0.1477	0.2684	0.2627	0.2729	0.2633	0.2548	0.2261	0.2452	0.2416	0.2522	0.2607	0.2603	0.0861	     0	0.0773	0.1217	0.0821
AF010474	0.2612	0.1902	0.2511	0.5377	0.3084	0.2490	0.2532	0.2542	0.2882	0.2783	0.2690	0.2708	0.4236	0.1540	0.2762	0.2684	0.2795	0.2649	0.2566	0.2325	0.2477	0.2406	0.2700	0.2723	0.2731	0.0955	0.0773	     0	0.1133	0.0648
Y10076	0.2653	0.1632	0.2662	0.5696	0.3239	0.2846	0.2900	0.2945	0.2640	0.3037	0.3091	0.2570	0.3916	0.1858	0.2818	0.2993	0.3070	0.3022	0.2582	0.2773	0.2925	0.2852	0.2658	0.3011	0.3012	0.1289	0.1217	0.1133	     0	0.1303
FN295567	0.2789	0.1935	0.2712	0.5390	0.3231	0.2492	0.2636	0.2758	0.3003	0.2748	0.2598	0.2915	0.4311	0.1639	0.2887	0.2655	0.2705	0.2610	0.2754	0.2409	0.2465	0.2581	0.2822	0.2630	0.2659	0.0937	0.0821	0.0648	0.1303	     0
